{
 "cells": [
  {
   "cell_type": "markdown",
   "metadata": {},
   "source": [
    "## This notebook parses the log files from Tracoline and saves the matrices in RAS space"
   ]
  },
  {
   "cell_type": "code",
   "execution_count": 1,
   "metadata": {},
   "outputs": [
    {
     "name": "stderr",
     "output_type": "stream",
     "text": [
      "Warning: To use the exr data format, please install the OpenEXR package following the instructions detailed in the README at github.com/tensorflow/graphics.\n",
      "Warning: To use the threejs_vizualization, please install the colabtools package following the instructions detailed in the README at github.com/tensorflow/graphics.\n"
     ]
    }
   ],
   "source": [
    "import matplotlib.pyplot as plt\n",
    "from mpl_toolkits.mplot3d import Axes3D\n",
    "from numpy.linalg import svd\n",
    "import numpy as np\n",
    "import math\n",
    "from scipy import interpolate\n",
    "import cv2\n",
    "import random\n",
    "from numpy.linalg import inv\n",
    "import scipy.io\n",
    "import pydicom\n",
    "import cmath\n",
    "import tensorflow_graphics  as tfg\n",
    "from scipy.spatial.transform import Rotation as R\n",
    "import os\n",
    "import datetime\n",
    "import csv"
   ]
  },
  {
   "cell_type": "code",
   "execution_count": 2,
   "metadata": {},
   "outputs": [],
   "source": [
    "def readtcs2dcs(path):\n",
    "    A_tcs2dcs = []\n",
    "    with open(path ,'r') as mat:\n",
    "        lines = mat.read().splitlines()[-5:]\n",
    "        for line in lines:\n",
    "            l = []\n",
    "            elem = line.split(\"  \")\n",
    "            for e in elem:\n",
    "                fff = e.strip()\n",
    "                if fff!=\"\":\n",
    "                    l.append(float(fff))\n",
    "            if len(l)!= 0:        \n",
    "                A_tcs2dcs.append(l)     \n",
    "    return np.array(A_tcs2dcs)"
   ]
  },
  {
   "cell_type": "code",
   "execution_count": 3,
   "metadata": {},
   "outputs": [],
   "source": [
    "# given the tim file, the scan start and the time difference between local and remote time, returns the frame number \n",
    "# corresponding to the scan start by adding the time difference th local time to obtain the remote time (the scan time is in remote time)\n",
    "def findFrameNumber(path, time, timeToAdd):\n",
    "    splitIndex = 0\n",
    "    with open(path,'r') as f:\n",
    "        lines = f.read().splitlines()\n",
    "        for line in lines:\n",
    "             if \"   Camera Time Stamp\" in line:\n",
    "                splitIndex = lines.index(line)\n",
    "                print(splitIndex)\n",
    "                break\n",
    "        for line in lines[splitIndex+1:]:         \n",
    "            lineList = line.split(\"         \")\n",
    "            systemTime = lineList[-1].strip()\n",
    "            time_obj = datetime.datetime.strptime(systemTime, '%H:%M:%S.%f')\n",
    "            remoteTime = (time_obj+ timeToAdd).strftime('%H:%M:%S.%f')\n",
    "            rt = remoteTime[0:2]+remoteTime[3:5]+remoteTime[6:8] \n",
    "            if(time.split(\".\")[0]==rt):\n",
    "                print(time,systemTime)\n",
    "                return lineList[1].strip().split(\" \")[0]\n",
    "            "
   ]
  },
  {
   "cell_type": "code",
   "execution_count": 4,
   "metadata": {},
   "outputs": [],
   "source": [
    "# finds time difference between local and remote time, adds it to the local time and returns the frame number corresponding to the scan start\n",
    "def findFrameNumberInLog(path, time):\n",
    "    splitIndex = 0\n",
    "    timeDiff = \"\"\n",
    "    with open(path,'r') as f:\n",
    "        lines = f.read().splitlines()\n",
    "        for line in lines:\n",
    "            if \"Time diff\" in line:\n",
    "                l = line.split(\": \")\n",
    "                timeDiff = l[1].strip()\n",
    "                timeDiffList = timeDiff.split(\":\")\n",
    "                a = timeDiffList[-1].split(\".\")\n",
    "                timeToAdd = datetime.timedelta(minutes=int(timeDiffList[1]), seconds=int(a[0]), milliseconds=int(a[1]))\n",
    "                print(timeToAdd)\n",
    "                break\n",
    "        for line in lines:\n",
    "            if \"Time Stamp\" in line:\n",
    "                splitIndex = lines.index(line)\n",
    "                print(splitIndex)\n",
    "                break\n",
    "        for line in lines[splitIndex+1:]:    \n",
    "            lineList = line.split(\"       \")\n",
    "            systemTime = lineList[-1].strip()\n",
    "            time_obj = datetime.datetime.strptime(systemTime, '%H:%M:%S.%f')\n",
    "            remoteTime = (time_obj+ timeToAdd).strftime('%H:%M:%S.%f')\n",
    "            rt = remoteTime[0:2]+remoteTime[3:5]+remoteTime[6:8] \n",
    "            if(time.split(\".\")[0]==rt):\n",
    "                print(time,systemTime)\n",
    "                return lineList[1].strip().split(\" \")[0]"
   ]
  },
  {
   "cell_type": "code",
   "execution_count": 5,
   "metadata": {},
   "outputs": [],
   "source": [
    "#finds the time difference between local and remote time in the LOG file \n",
    "#(for patients that have a TIM file, this information is at the bottom of the LOG file)\n",
    "\n",
    "def getTimeDifference(path):\n",
    "    with open(path,'r') as f:\n",
    "        lines = f.read().splitlines()\n",
    "        line = lines[-2]\n",
    "        timeDiff = line.split(\"   \") \n",
    "        while \"\" in timeDiff: timeDiff.remove(\"\")\n",
    "        print(timeDiff)\n",
    "        return timeDiff[2].replace(\" \", \"\")"
   ]
  },
  {
   "cell_type": "code",
   "execution_count": 6,
   "metadata": {},
   "outputs": [],
   "source": [
    "def getAcqTimeFromDICOM(path):\n",
    "    ds = pydicom.filereader.dcmread(path)\n",
    "    return ds.AcquisitionTime"
   ]
  },
  {
   "cell_type": "code",
   "execution_count": 7,
   "metadata": {},
   "outputs": [],
   "source": [
    "# extract all file paths from the tracking folder\n",
    "def getFileNames(folder):\n",
    "    poa = \"\"\n",
    "    aln = \"\"\n",
    "    tim = \"\"\n",
    "    log = \"\"\n",
    "    for root, dirs, files in os.walk(folder):\n",
    "        for file in files:\n",
    "            if \"ALN\" in file:\n",
    "                aln = root + \"/\"+file\n",
    "            if \"LOG\" in file:\n",
    "                log = root + \"/\"+file\n",
    "            if \"POA\" in file:\n",
    "                poa = root + \"/\"+file\n",
    "            if \"TIM\" in file:\n",
    "                tim = root + \"/\"+file\n",
    "    return aln, tim, poa, log                        \n",
    "            "
   ]
  },
  {
   "cell_type": "code",
   "execution_count": 8,
   "metadata": {},
   "outputs": [],
   "source": [
    "def transform(path, A_tcs2ecs,startMPRage,savepath):\n",
    "    i = 0\n",
    "    refTransf = np.zeros((4,4)) \n",
    "    splitIndex = 0\n",
    "    with open(path ,'r') as mat:\n",
    "        lines = mat.read().splitlines() \n",
    "        for line in lines:\n",
    "            #identify line where matrics start via the line above\n",
    "            if \"Frame Number\" in line:\n",
    "                splitIndex = lines.index(line)\n",
    "                print(splitIndex)\n",
    "                break\n",
    "        for line in lines[splitIndex+1:-1]:\n",
    "            t = []\n",
    "            elem = line.split(\"    \")\n",
    "            while \"\" in elem: elem.remove(\"\")\n",
    "            if elem[0].strip()==startMPRage:\n",
    "                for e in elem[1:]:\n",
    "                    fff = e.strip()\n",
    "                    if fff!=\"\":\n",
    "                        t.append(float(fff))\n",
    "                if(int(t[-1])!=1)  :\n",
    "                    del t[-1]\n",
    "                refTransf = np.array(t).reshape((4,4))\n",
    "                #scipy.io.savemat(savepath+\"/\"+str(len(str(startMPRage)))+\"_\"+str(startMPRage)+\" ref\"'.mat', {'matrix': A_tcs2ecs @ (np.linalg.inv(refTransf)) @ refTransf @ (np.linalg.inv(A_tcs2ecs))})\n",
    "                refIndex = lines[splitIndex+1:-1].index(line)\n",
    "                break\n",
    "        # transform all individual matrices to RAS        \n",
    "        for line in lines[splitIndex+1:-1:10]: \n",
    "                t = [];\n",
    "                elem = line.split(\"    \")\n",
    "                while \"\" in elem: elem.remove(\"\")\n",
    "                for e in elem[1:]:\n",
    "                    fff = e.strip()\n",
    "                    if fff!=\"\":\n",
    "                        t.append(float(fff))           \n",
    "                tracolineTransfMat =np.zeros((4,4))\n",
    "                if(int(t[-1])!=1)  :\n",
    "                    del t[-1]\n",
    "                tracolineTransfMat = np.array(t).reshape((4,4))\n",
    "                A_ref2src_ecs_ref = A_tcs2ecs @ (np.linalg.inv(tracolineTransfMat)) @ refTransf @ (np.linalg.inv(A_tcs2ecs))\n",
    "                scipy.io.savemat(savepath+\"/\"+str(len(str(elem[0].strip())))+\"_\"+str(elem[0].strip())+'.mat', {'matrix': A_ref2src_ecs_ref})\n",
    "                i+=1                  \n",
    "          \n",
    "    return refTransf"
   ]
  },
  {
   "cell_type": "code",
   "execution_count": 12,
   "metadata": {},
   "outputs": [],
   "source": [
    "# read a cvs file containing the start time\n",
    "def getTime(file,subject):\n",
    "    with open(file, 'r') as file:\n",
    "        reader = csv.reader(file)\n",
    "        for row in reader:\n",
    "            if row[0]==subject:\n",
    "                return row[-1]\n",
    "    "
   ]
  },
  {
   "cell_type": "code",
   "execution_count": 9,
   "metadata": {},
   "outputs": [],
   "source": [
    "#get list of subjects\n",
    "subjs = []\n",
    "for root, dirs, files in os.walk(\"./regions binarization\"): \n",
    "    for d in dirs:\n",
    "        subjs.append(d)"
   ]
  },
  {
   "cell_type": "code",
   "execution_count": 10,
   "metadata": {},
   "outputs": [
    {
     "name": "stdout",
     "output_type": "stream",
     "text": [
      "['2015-04-14_EB', '2015-05-19_EV', '2015-09-01_TSS', '2015-10-06_RMI', '2015-10-09_SK', '2015-12-01_FCA', '2015-12-01_VTB', '2015-12-15_LR', '2015-12-15_PN', '2015-12-22_SRo', '2016-02-26_MR', '2016-03-15_EDB', '2016-03-22_NLL', '2016-04-05_ESS', '2016-04-05_JMPD', '2016-04-26_JJ', '2016-05-20_NLL', '2016-05-31_BNP', '2016-06-21_AHA', '2016-06-28_MS', '2016-06-28_NLVS', '2016-08-05_EJ', '2016-09-30_AMRH', '2016-09-30_VJ', '2016-10-04_JMPD', '2016-10-11_JJ', '2016-10-21_JNT', '2016-12-09_MN', '2016-12-13_OKR', '2017-01-06_NM', '2017-01-17_JVJ', '2017-02-03_PL', '2017-02-14_SLA', '2017-03-10_SJAS', '2017-03-14_ESS', '2017-03-17_MTD', '2017-03-28_NPN', '2017-03-31_ZA', '2017-04-07_SK', '2017-06-02_MN', '2017-06-06_MS', '2017-06-06_RL', '2017-06-13_LR', '2017-06-16_SJAS', '2017-06-20_OH', '2017-06-23_AKDW', '2017-07-07_WHO', '2017-09-05_NSH', '2017-09-05_SE2', '2017-09-12_ICV', '2017-09-26_MS', '2017-10-03_RA', '2017-10-10_MA', '2017-11-24_JA', '2018-01-02_ACK', '2018-01-09_NSN', '2018-03-16_EA', '2018-03-16_TP', '2018-04-17_MWA', '2018-04-24_LR', '2018-05-25_MT', '2019-01-11_MS_0607175918']\n"
     ]
    }
   ],
   "source": [
    "print(subjs)"
   ]
  },
  {
   "cell_type": "code",
   "execution_count": 14,
   "metadata": {
    "scrolled": true
   },
   "outputs": [
    {
     "name": "stdout",
     "output_type": "stream",
     "text": [
      "./subjects data/2015-04-14_EB/2015-04-14_EB_134312_ALN.tsa  ./subjects data/2015-04-14_EB/2015-04-14_EB_134312_POA.tsp ./subjects data/2015-04-14_EB/2015-04-14_EB_134312_LOG.log\n",
      "142949.3275 2015-04-14_EB\n",
      "IN LOG\n",
      "142949.3275\n",
      "0:02:41.885000\n",
      "62\n",
      "142949.3275 14:27:07.186\n",
      "4\n",
      "142949.3275 40100 [[ 9.999850e-01  5.164000e-03 -1.787000e-03 -6.099800e-02]\n",
      " [-5.144000e-03  9.999280e-01  1.080300e-02 -3.910683e+00]\n",
      " [ 1.842000e-03 -1.079400e-02  9.999400e-01  1.843079e+00]\n",
      " [ 0.000000e+00  0.000000e+00  0.000000e+00  1.000000e+00]]\n",
      "./subjects data/2015-05-19_EV/2015-05-19_EV_132052_ALN.tsa  ./subjects data/2015-05-19_EV/2015-05-19_EV_132052_POA.tsp ./subjects data/2015-05-19_EV/2015-05-19_EV_132052_LOG.log\n",
      "135933.3475 2015-05-19_EV\n",
      "IN LOG\n",
      "135933.3475\n",
      "0:03:13.559000\n",
      "72\n",
      "135933.3475 13:56:19.517\n",
      "4\n",
      "135933.3475 30176 [[ 9.999860e-01  1.728000e-03  4.979000e-03 -1.891742e+00]\n",
      " [-1.776000e-03  9.999530e-01  9.593000e-03 -3.539427e+00]\n",
      " [-4.963000e-03 -9.601000e-03  9.999420e-01  8.725590e-01]\n",
      " [ 0.000000e+00  0.000000e+00  0.000000e+00  1.000000e+00]]\n",
      "./subjects data/2015-09-01_TSS/2015-09-01_TSS_124823_ALN.tsa ./subjects data/2015-09-01_TSS/2015-09-01_TSS_124823_TIM.tst ./subjects data/2015-09-01_TSS/2015-09-01_TSS_124823_POA.tsp ./subjects data/2015-09-01_TSS/2015-09-01_TSS_124823_LOG.log\n",
      "134054.3275 2015-09-01_TSS\n",
      "IN TIM\n",
      "[' 12:48:23.132', ' 12:53:10.040', ' 00:04:46.908', ' 286908']\n",
      "00:04:46.908\n",
      "0\n",
      "134054.3275 13:36:07.172\n",
      "34662\n",
      "4\n",
      "134054.3275 34662 [[ 0.999584 -0.022575  0.01799  -3.128329]\n",
      " [ 0.022014  0.999282  0.030837 -9.109789]\n",
      " [-0.018673 -0.030428  0.999363  4.057983]\n",
      " [ 0.        0.        0.        1.      ]]\n",
      "./subjects data/2015-10-06_RMI/2015-10-06_tem_134939_ALN.tsa ./subjects data/2015-10-06_RMI/2015-10-06_tem_134939_TIM.tst ./subjects data/2015-10-06_RMI/2015-10-06_tem_134939_POA.tsp ./subjects data/2015-10-06_RMI/2015-10-06_tem_134939_LOG.log\n",
      "143833.93 2015-10-06_RMI\n",
      "IN TIM\n",
      "[' 13:49:39.759', ' 13:55:00.640', ' 00:05:20.881', ' 320881']\n",
      "00:05:20.881\n",
      "0\n",
      "143833.93 14:33:12.202\n",
      "28716\n",
      "4\n",
      "143833.93 28716 [[ 9.999460e-01 -9.248000e-03  4.885000e-03 -4.379210e-01]\n",
      " [ 9.116000e-03  9.996090e-01  2.643100e-02 -8.134292e+00]\n",
      " [-5.128000e-03 -2.638500e-02  9.996390e-01  1.821457e+00]\n",
      " [ 0.000000e+00  0.000000e+00  0.000000e+00  1.000000e+00]]\n",
      "./subjects data/2015-10-09_SK/2015-10-09_SK_144503_ALN.tsa ./subjects data/2015-10-09_SK/2015-10-09_SK_144503_TIM.tst ./subjects data/2015-10-09_SK/2015-10-09_SK_144503_POA.tsp ./subjects data/2015-10-09_SK/2015-10-09_SK_144503_LOG.log\n",
      "153916.9275 2015-10-09_SK\n",
      "IN TIM\n",
      "[' 14:45:15.341', ' 14:50:39.400', ' 00:05:24.059', ' 324059']\n",
      "00:05:24.059\n",
      "0\n",
      "153916.9275 15:33:52.094\n",
      "39177\n",
      "4\n",
      "153916.9275 39177 [[ 9.9921800e-01  6.9660000e-03 -3.8912000e-02  1.0351243e+01]\n",
      " [-6.1750000e-03  9.9977200e-01  2.0424000e-02 -9.2466100e+00]\n",
      " [ 3.9046000e-02 -2.0168000e-02  9.9903400e-01  1.0963590e+00]\n",
      " [ 0.0000000e+00  0.0000000e+00  0.0000000e+00  1.0000000e+00]]\n",
      "./subjects data/2015-12-01_FCA/2015-12-01_FCA_130405_ALN.tsa ./subjects data/2015-12-01_FCA/2015-12-01_FCA_130405_TIM.tst ./subjects data/2015-12-01_FCA/2015-12-01_FCA_130405_POA.tsp ./subjects data/2015-12-01_FCA/2015-12-01_FCA_130405_LOG.log\n",
      "140237.3425 2015-12-01_FCA\n",
      "IN TIM\n",
      "[' 13:04:05.279', ' 13:10:03.060', ' 00:05:57.781', ' 357781']\n",
      "00:05:57.781\n",
      "0\n",
      "140237.3425 13:56:39.262\n",
      "38910\n",
      "4\n",
      "140237.3425 38910 [[  0.999218   0.027541   0.028364 -12.278406]\n",
      " [ -0.028696   0.998741   0.041143 -12.708176]\n",
      " [ -0.027195  -0.041924   0.998751   6.341171]\n",
      " [  0.         0.         0.         1.      ]]\n",
      "./subjects data/2015-12-01_VTB/2015-12-01_VTB_160054_ALN.tsa ./subjects data/2015-12-01_VTB/2015-12-01_VTB_160054_TIM.tst ./subjects data/2015-12-01_VTB/2015-12-01_VTB_160054_POA.tsp ./subjects data/2015-12-01_VTB/2015-12-01_VTB_160054_LOG.log\n",
      "164815.0875 2015-12-01_VTB\n",
      "IN TIM\n",
      "[' 16:00:54.594', ' 16:06:52.310', ' 00:05:57.716', ' 357716']\n",
      "00:05:57.716\n",
      "0\n",
      "164815.0875 16:42:17.338\n",
      "29975\n",
      "4\n",
      "164815.0875 29975 [[ 9.9962200e-01 -2.2591000e-02  1.5679000e-02 -2.2808110e+00]\n",
      " [ 2.1525000e-02  9.9764800e-01  6.5084000e-02 -1.8082125e+01]\n",
      " [-1.7112000e-02 -6.4722000e-02  9.9775700e-01  7.5962830e+00]\n",
      " [ 0.0000000e+00  0.0000000e+00  0.0000000e+00  1.0000000e+00]]\n",
      "./subjects data/2015-12-15_LR/2015-12-15_LR_141011_ALN.tsa ./subjects data/2015-12-15_LR/2015-12-15_LR_141011_TIM.tst ./subjects data/2015-12-15_LR/2015-12-15_LR_141011_POA.tsp ./subjects data/2015-12-15_LR/2015-12-15_LR_141011_LOG.log\n",
      "150437.3325 2015-12-15_LR\n",
      "IN TIM\n",
      "[' 14:10:12.089', ' 14:16:16.280', ' 00:06:04.191', ' 364191']\n",
      "00:06:04.191\n",
      "0\n",
      "150437.3325 14:58:32.875\n",
      "36192\n",
      "4\n",
      "150437.3325 36192 [[ 9.983800e-01 -2.689900e-02  5.014500e-02 -9.867593e+00]\n",
      " [ 2.660700e-02  9.996250e-01  6.473000e-03 -5.215067e+00]\n",
      " [-5.030000e-02 -5.129000e-03  9.987210e-01  2.189911e+00]\n",
      " [ 0.000000e+00  0.000000e+00  0.000000e+00  1.000000e+00]]\n",
      "./subjects data/2015-12-15_PN/2015-12-15_PN_122216_ALN.tsa ./subjects data/2015-12-15_PN/2015-12-15_PN_122216_TIM.tst ./subjects data/2015-12-15_PN/2015-12-15_PN_122216_POA.tsp ./subjects data/2015-12-15_PN/2015-12-15_PN_122216_LOG.log\n",
      "133354.8975 2015-12-15_PN\n",
      "IN TIM\n",
      "[' 12:22:16.808', ' 12:28:21.060', ' 00:06:04.252', ' 364252']\n",
      "00:06:04.252\n",
      "0\n",
      "133354.8975 13:27:49.809\n",
      "43670\n",
      "4\n",
      "133354.8975 43670 [[ 0.999707  0.021692 -0.010753  2.167542]\n",
      " [-0.021387  0.999387  0.027735 -7.276482]\n",
      " [ 0.011348 -0.027497  0.999557  1.542465]\n",
      " [ 0.        0.        0.        1.      ]]\n",
      "./subjects data/2015-12-22_SRo/2015-12-22_srø_124059_ALN.tsa ./subjects data/2015-12-22_SRo/2015-12-22_srø_124059_TIM.tst ./subjects data/2015-12-22_SRo/2015-12-22_srø_124059_POA.tsp ./subjects data/2015-12-22_SRo/2015-12-22_srø_124059_LOG.log\n",
      "134136.3575 2015-12-22_SRo\n",
      "IN TIM\n",
      "[' 12:40:59.801', ' 12:47:00.550', ' 00:06:00.749', ' 360749']\n",
      "00:06:00.749\n",
      "0\n",
      "134136.3575 13:35:35.258\n",
      "42283\n",
      "4\n",
      "134136.3575 42283 [[ 0.999973 -0.003074 -0.006667  1.673643]\n",
      " [ 0.003091  0.999992  0.002523 -0.766311]\n",
      " [ 0.006659 -0.002544  0.999975  1.085159]\n",
      " [ 0.        0.        0.        1.      ]]\n",
      "./subjects data/2016-02-26_MR/2016-02-26_MR_112810_ALN.tsa ./subjects data/2016-02-26_MR/2016-02-26_MR_112810_TIM.tst ./subjects data/2016-02-26_MR/2016-02-26_MR_TracSuiteReplay_112810_POA.tsp ./subjects data/2016-02-26_MR/2016-02-26_MR_112810_LOG.log\n",
      "122935.36 2016-02-26_MR\n",
      "IN TIM\n",
      "[' 11:28:10.769', ' 11:34:43.710', ' 00:06:32.941', ' 392941']\n",
      "00:06:32.941\n",
      "0\n",
      "122935.36 12:23:02.166\n",
      "33762\n",
      "10\n",
      "122935.36 33762 [[ 0.99981   0.010037 -0.016755  3.348415]\n",
      " [-0.010208  0.999896 -0.010153  3.10373 ]\n",
      " [ 0.016652  0.010322  0.999808 -2.764053]\n",
      " [ 0.        0.        0.        1.      ]]\n",
      "./subjects data/2016-03-15_EDB/2016-03-15_EDB_123049_ALN.tsa ./subjects data/2016-03-15_EDB/2016-03-15_EDB_123049_TIM.tst ./subjects data/2016-03-15_EDB/2016-03-15_EDB_TracSuiteReplay_123049_POA.tsp ./subjects data/2016-03-15_EDB/2016-03-15_EDB_123049_LOG.log\n",
      "133203.32 2016-03-15_EDB\n",
      "IN TIM\n",
      "[' 12:30:49.643', ' 12:37:39.710', ' 00:06:50.067', ' 410067']\n",
      "00:06:50.067\n",
      "0\n",
      "133203.32 13:25:12.966\n",
      "33702\n",
      "10\n",
      "133203.32 33702 [[ 9.999680e-01 -1.182000e-03 -7.939000e-03  1.686892e+00]\n",
      " [ 1.206000e-03  9.999950e-01  3.050000e-03  4.496780e-01]\n",
      " [ 7.935000e-03 -3.060000e-03  9.999640e-01 -1.476669e+00]\n",
      " [ 0.000000e+00  0.000000e+00  0.000000e+00  1.000000e+00]]\n",
      "./subjects data/2016-03-22_NLL/2016-03-22_NLL_135600_ALN.tsa ./subjects data/2016-03-22_NLL/2016-03-22_NLL_135600_TIM.tst ./subjects data/2016-03-22_NLL/2016-03-22_NLL_135600_POA.tsp ./subjects data/2016-03-22_NLL/2016-03-22_NLL_135600_LOG.log\n",
      "144935.3325 2016-03-22_NLL\n",
      "IN TIM\n",
      "[' 13:56:00.119', ' 14:03:02.590', ' 00:07:02.471', ' 422471']\n",
      "00:07:02.471\n",
      "0\n",
      "144935.3325 14:42:32.680\n",
      "38823\n",
      "4\n",
      "144935.3325 38823 [[ 0.999666 -0.017938  0.018579 -2.899751]\n",
      " [ 0.01764   0.999715  0.016078 -7.906382]\n",
      " [-0.018862 -0.015745  0.999698  3.198517]\n",
      " [ 0.        0.        0.        1.      ]]\n",
      "./subjects data/2016-04-05_ESS/2016-04-05_ESS_113545_ALN.tsa ./subjects data/2016-04-05_ESS/2016-04-05_ESS_113545_TIM.tst ./subjects data/2016-04-05_ESS/2016-04-05_ESS_113545_POA.tsp ./subjects data/2016-04-05_ESS/2016-04-05_ESS_113545_LOG.log\n",
      "122654.7875 2016-04-05_ESS\n",
      "IN TIM\n",
      "[' 11:35:45.613', ' 11:42:41.010', ' 00:06:55.397', ' 415397']\n",
      "00:06:55.397\n",
      "0\n",
      "122654.7875 12:19:58.647\n",
      "27494\n",
      "4\n",
      "122654.7875 27494 [[ 0.999887  0.014119  0.005309 -4.571346]\n",
      " [-0.014048  0.999814 -0.013294  0.084112]\n",
      " [-0.005496  0.013218  0.999898  1.388199]\n",
      " [ 0.        0.        0.        1.      ]]\n",
      "./subjects data/2016-04-05_JMPD/2016-04-05_JMPD_130638_ALN.tsa ./subjects data/2016-04-05_JMPD/2016-04-05_JMPD_130638_TIM.tst ./subjects data/2016-04-05_JMPD/2016-04-05_JMPD_130638_POA.tsp ./subjects data/2016-04-05_JMPD/2016-04-05_JMPD_130638_LOG.log\n",
      "135933.36 2016-04-05_JMPD\n",
      "IN TIM\n",
      "[' 13:06:38.897', ' 13:13:34.260', ' 00:06:55.363', ' 415363']\n",
      "00:06:55.363\n",
      "0\n"
     ]
    },
    {
     "name": "stdout",
     "output_type": "stream",
     "text": [
      "135933.36 13:52:37.676\n",
      "31863\n",
      "4\n",
      "135933.36 31863 [[ 0.999766 -0.0096    0.019406 -5.122544]\n",
      " [ 0.009155  0.999697  0.022882 -8.360944]\n",
      " [-0.019619 -0.022698  0.99955   2.974762]\n",
      " [ 0.        0.        0.        1.      ]]\n",
      "./subjects data/2016-04-26_JJ/2016-04-26_JJ_123649_ALN.tsa ./subjects data/2016-04-26_JJ/2016-04-26_JJ_123649_TIM.tst ./subjects data/2016-04-26_JJ/2016-04-26_JJ_123649_POA.tsp ./subjects data/2016-04-26_JJ/2016-04-26_JJ_123649_LOG.log\n",
      "132535.3225 2016-04-26_JJ\n",
      "IN TIM\n",
      "[' 12:36:49.530', ' 12:44:15.950', ' 00:07:26.420', ' 446420']\n",
      "00:07:26.420\n",
      "0\n",
      "132535.3225 13:18:08.639\n",
      "29110\n",
      "4\n",
      "132535.3225 29110 [[ 9.997920e-01 -2.039200e-02 -8.240000e-04  1.352980e+00]\n",
      " [ 2.039300e-02  9.997910e-01  1.439000e-03 -4.177206e+00]\n",
      " [ 7.950000e-04 -1.455000e-03  9.999990e-01  1.014862e+00]\n",
      " [ 0.000000e+00  0.000000e+00  0.000000e+00  1.000000e+00]]\n",
      "./subjects data/2016-05-20_NLL/2016-05-20_NLL_122747_ALN.tsa ./subjects data/2016-05-20_NLL/2016-05-20_NLL_122747_TIM.tst ./subjects data/2016-05-20_NLL/2016-05-20_NLL_TracSuiteReplay_122747_POA.tsp ./subjects data/2016-05-20_NLL/2016-05-20_NLL_122747_LOG.log\n",
      "131714.9 2016-05-20_NLL\n",
      "IN TIM\n",
      "[' 12:27:59.681', ' 12:35:34.110', ' 00:07:34.429', ' 454429']\n",
      "00:07:34.429\n",
      "0\n",
      "131714.9 13:09:39.679\n",
      "41262\n",
      "10\n",
      "131714.9 41262 [[ 9.9988900e-01 -1.3306000e-02 -6.8020000e-03  1.9790440e+00]\n",
      " [ 1.3435000e-02  9.9972300e-01  1.9365000e-02 -1.0468582e+01]\n",
      " [ 6.5430000e-03 -1.9454000e-02  9.9979000e-01  5.0463870e+00]\n",
      " [ 0.0000000e+00  0.0000000e+00  0.0000000e+00  1.0000000e+00]]\n",
      "./subjects data/2016-05-31_BNP/2016-05-31_BNP_120551_ALN.tsa ./subjects data/2016-05-31_BNP/2016-05-31_BNP_120551_TIM.tst ./subjects data/2016-05-31_BNP/2016-05-31_BNP_120551_POA.tsp ./subjects data/2016-05-31_BNP/2016-05-31_BNP_120551_LOG.log\n",
      "124623.355 2016-05-31_BNP\n",
      "IN TIM\n",
      "[' 12:06:03.221', ' 12:13:54.130', ' 00:07:50.909', ' 470909']\n",
      "00:07:50.909\n",
      "0\n",
      "124623.355 12:38:32.117\n",
      "37912\n",
      "4\n",
      "124623.355 37912 [[ 9.99972e-01 -1.45800e-03 -7.33600e-03  1.50498e-01]\n",
      " [ 1.45200e-03  9.99999e-01 -7.90000e-04 -6.76621e-01]\n",
      " [ 7.33700e-03  7.79000e-04  9.99973e-01  6.25626e-01]\n",
      " [ 0.00000e+00  0.00000e+00  0.00000e+00  1.00000e+00]]\n",
      "./subjects data/2016-06-21_AHA/2016-06-21_AHA_113058_ALN.tsa ./subjects data/2016-06-21_AHA/2016-06-21_AHA_113058_TIM.tst ./subjects data/2016-06-21_AHA/2016-06-21_AHA_113058_POA.tsp ./subjects data/2016-06-21_AHA/2016-06-21_AHA_113058_LOG.log\n",
      "121658.3475 2016-06-21_AHA\n",
      "IN TIM\n",
      "[' 12:20:58.330', ' 12:29:07.770', ' 00:08:09.440', ' 489440']\n",
      "00:08:09.440\n",
      "0\n",
      "121658.3475 12:08:48.592\n",
      "28031\n",
      "4\n",
      "121658.3475 28031 [[  0.999551  -0.019489   0.022778  -7.602494]\n",
      " [  0.018873   0.999459   0.026939 -10.731382]\n",
      " [ -0.02329   -0.026497   0.999377   6.752823]\n",
      " [  0.         0.         0.         1.      ]]\n",
      "./subjects data/2016-06-28_MS/2016-06-28_MS_130513_ALN.tsa ./subjects data/2016-06-28_MS/2016-06-28_MS_130513_TIM.tst ./subjects data/2016-06-28_MS/2016-06-28_MS_130513_POA.tsp ./subjects data/2016-06-28_MS/2016-06-28_MS_130513_LOG.log\n",
      "135258.325 2016-06-28_MS\n",
      "IN TIM\n",
      "[' 13:45:14.474', ' 13:53:29.270', ' 00:08:14.796', ' 494796']\n",
      "00:08:14.796\n",
      "0\n",
      "135258.325 13:44:43.243\n",
      "42994\n",
      "4\n",
      "135258.325 42994 [[  0.999167   0.030591   0.027023 -11.958207]\n",
      " [ -0.031326   0.999138   0.027229  -7.375221]\n",
      " [ -0.026167  -0.028053   0.999264   4.145294]\n",
      " [  0.         0.         0.         1.      ]]\n",
      "./subjects data/2016-06-28_NLVS/2016-06-28_NLVS_112451_ALN.tsa ./subjects data/2016-06-28_NLVS/2016-06-28_NLVS_112451_TIM.tst ./subjects data/2016-06-28_NLVS/2016-06-28_NLVS_112451_POA.tsp ./subjects data/2016-06-28_NLVS/2016-06-28_NLVS_112451_LOG.log\n",
      "122311.815 2016-06-28_NLVS\n",
      "IN TIM\n",
      "[' 12:14:51.743', ' 12:23:06.580', ' 00:08:14.837', ' 494837']\n",
      "00:08:14.837\n",
      "0\n",
      "122311.815 12:14:56.267\n",
      "79887\n",
      "4\n",
      "122311.815 79887 [[ 9.996220e-01  4.617000e-03  2.710700e-02 -9.582155e+00]\n",
      " [-4.373000e-03  9.999500e-01 -9.050000e-03 -6.487000e-03]\n",
      " [-2.714700e-02  8.928000e-03  9.995920e-01  3.354599e+00]\n",
      " [ 0.000000e+00  0.000000e+00  0.000000e+00  1.000000e+00]]\n",
      "./subjects data/2016-08-05_EJ/2016-08-05_EJ_134725_ALN.tsa ./subjects data/2016-08-05_EJ/2016-08-05_EJ_134725_TIM.tst ./subjects data/2016-08-05_EJ/2016-08-05_EJ_134725_POA.tsp ./subjects data/2016-08-05_EJ/2016-08-05_EJ_134725_LOG.log\n",
      "142746.34 2016-08-05_EJ\n",
      "IN TIM\n",
      "[' 14:27:26.297', ' 14:27:39.980', ' 00:00:13.683', '  13683']\n",
      "00:00:13.683\n",
      "0\n",
      "142746.34 14:27:32.319\n",
      "45895\n",
      "4\n",
      "142746.34 45895 [[ 9.997270e-01 -2.036600e-02 -1.148700e-02  5.345599e+00]\n",
      " [ 2.040900e-02  9.997850e-01  3.654000e-03 -2.771912e+00]\n",
      " [ 1.141000e-02 -3.888000e-03  9.999280e-01  5.959010e-01]\n",
      " [ 0.000000e+00  0.000000e+00  0.000000e+00  1.000000e+00]]\n",
      "./subjects data/2016-09-30_AMRH/2016-09-30_AMRH_105514_ALN.tsa ./subjects data/2016-09-30_AMRH/2016-09-30_AMRH_105514_TIM.tst ./subjects data/2016-09-30_AMRH/2016-09-30_AMRH_105514_POA.tsp ./subjects data/2016-09-30_AMRH/2016-09-30_AMRH_105514_LOG.log\n",
      "114051.325 2016-09-30_AMRH\n",
      "IN TIM\n",
      "[' 11:45:14.654', ' 11:45:16.500', ' 00:00:01.846', '1846']\n",
      "00:00:01.846\n",
      "0\n",
      "114051.325 11:40:49.165\n",
      "30937\n",
      "4\n",
      "114051.325 30937 [[ 9.999970e-01 -1.059000e-03  1.901000e-03 -2.468570e-01]\n",
      " [ 1.049000e-03  9.999850e-01  5.289000e-03 -2.979641e+00]\n",
      " [-1.906000e-03 -5.286000e-03  9.999840e-01  1.876648e+00]\n",
      " [ 0.000000e+00  0.000000e+00  0.000000e+00  1.000000e+00]]\n",
      "./subjects data/2016-09-30_VJ/2016-09-30_VJ_133750_ALN.tsa ./subjects data/2016-09-30_VJ/2016-09-30_VJ_133750_TIM.tst ./subjects data/2016-09-30_VJ/2016-09-30_VJ_133750_POA.tsp ./subjects data/2016-09-30_VJ/2016-09-30_VJ_133750_LOG.log\n",
      "141829.335 2016-09-30_VJ\n",
      "IN TIM\n",
      "[' 14:27:50.243', ' 14:27:52.140', ' 00:00:01.897', '1897']\n",
      "00:00:01.897\n",
      "0\n",
      "141829.335 14:18:27.145\n",
      "30306\n",
      "4\n",
      "141829.335 30306 [[ 9.9941200e-01  6.8950000e-03  3.3600000e-02 -1.1175770e+01]\n",
      " [-8.1300000e-03  9.9929200e-01  3.6739000e-02 -1.2817636e+01]\n",
      " [-3.3323000e-02 -3.6990000e-02  9.9876000e-01  1.0032211e+01]\n",
      " [ 0.0000000e+00  0.0000000e+00  0.0000000e+00  1.0000000e+00]]\n",
      "./subjects data/2016-10-04_JMPD/2016-10-04_JMPD_124813_ALN.tsa ./subjects data/2016-10-04_JMPD/2016-10-04_JMPD_124813_TIM.tst ./subjects data/2016-10-04_JMPD/2016-10-04_JMPD_124813_POA.tsp ./subjects data/2016-10-04_JMPD/2016-10-04_JMPD_124813_LOG.log\n",
      "132501.1775 2016-10-04_JMPD\n",
      "IN TIM\n",
      "[' 13:38:14.054', ' 13:38:14.490', ' 00:00:00.436', ' 436']\n",
      "00:00:00.436\n",
      "0\n",
      "132501.1775 13:25:00.611\n",
      "47737\n",
      "4\n",
      "132501.1775 47737 [[  0.999684  -0.016237  -0.019197   5.897341]\n",
      " [  0.016806   0.999412   0.029888 -10.60588 ]\n",
      " [  0.0187    -0.030201   0.999369   4.536285]\n",
      " [  0.         0.         0.         1.      ]]\n",
      "./subjects data/2016-10-11_JJ/2016-10-11_JJ_114916_ALN.tsa ./subjects data/2016-10-11_JJ/2016-10-11_JJ_114916_TIM.tst ./subjects data/2016-10-11_JJ/2016-10-11_JJ_114916_POA.tsp ./subjects data/2016-10-11_JJ/2016-10-11_JJ_114916_LOG.log\n",
      "122822.12 2016-10-11_JJ\n",
      "IN TIM\n",
      "[' 12:39:16.282', ' 12:39:18.290', ' 00:00:02.008', '2008']\n",
      "00:00:02.008\n",
      "0\n",
      "122822.12 12:28:19.998\n",
      "24313\n",
      "4\n",
      "122822.12 24313 [[ 0.999719  0.022104 -0.00857   0.40479 ]\n",
      " [-0.021833  0.999295  0.030534 -7.002066]\n",
      " [ 0.009239 -0.030338  0.999497  2.484467]\n",
      " [ 0.        0.        0.        1.      ]]\n",
      "./subjects data/2016-10-21_JNT/2016-10-21_JNT_103354_ALN.tsa ./subjects data/2016-10-21_JNT/2016-10-21_JNT_103354_TIM.tst ./subjects data/2016-10-21_JNT/2016-10-21_JNT_103354_POA.tsp ./subjects data/2016-10-21_JNT/2016-10-21_JNT_103354_LOG.log\n",
      "111537.125 2016-10-21_JNT\n",
      "IN TIM\n",
      "[' 11:13:55.061', ' 11:13:56.210', ' 00:00:01.149', '1149']\n",
      "00:00:01.149\n",
      "0\n",
      "111537.125 11:15:35.987\n",
      "33243\n",
      "4\n",
      "111537.125 33243 [[ 0.999994  0.003154 -0.001165 -0.78265 ]\n",
      " [-0.003157  0.999992 -0.002487  0.222918]\n",
      " [ 0.001157  0.002491  0.999996  1.128662]\n",
      " [ 0.        0.        0.        1.      ]]\n",
      "./subjects data/2016-12-09_MN/2016-12-09_MN_102559_ALN.tsa ./subjects data/2016-12-09_MN/2016-12-09_MN_102559_TIM.tst ./subjects data/2016-12-09_MN/2016-12-09_MN_102559_POA.tsp ./subjects data/2016-12-09_MN/2016-12-09_MN_102559_LOG.log\n",
      "110256.3575 2016-12-09_MN\n",
      "IN TIM\n",
      "[' 11:06:00.043', ' 11:06:00.160', ' 00:00:00.117', ' 117']\n",
      "00:00:00.117\n",
      "0\n",
      "110256.3575 11:02:56.009\n",
      "22443\n",
      "4\n",
      "110256.3575 22443 [[ 0.999988  0.003312  0.003737 -1.459175]\n",
      " [-0.003333  0.999979  0.005527 -3.114206]\n",
      " [-0.003718 -0.005539  0.999978  1.910614]\n",
      " [ 0.        0.        0.        1.      ]]\n",
      "./subjects data/2016-12-13_OKR/2016-12-13_OKR_134249_ALN.tsa ./subjects data/2016-12-13_OKR/2016-12-13_OKR_134249_TIM.tst ./subjects data/2016-12-13_OKR/2016-12-13_OKR_134249_POA.tsp ./subjects data/2016-12-13_OKR/2016-12-13_OKR_134249_LOG.log\n",
      "142357.1275 2016-12-13_OKR\n",
      "IN TIM\n",
      "[' 14:22:49.070', ' 14:22:50.560', ' 00:00:01.490', '1490']\n",
      "00:00:01.490\n",
      "0\n"
     ]
    },
    {
     "name": "stdout",
     "output_type": "stream",
     "text": [
      "142357.1275 14:23:55.582\n",
      "62233\n",
      "4\n",
      "142357.1275 62233 [[ 9.998700e-01  5.174000e-03  1.529000e-02 -5.455485e+00]\n",
      " [-5.347000e-03  9.999220e-01  1.130000e-02 -4.933091e+00]\n",
      " [-1.523100e-02 -1.138000e-02  9.998190e-01  2.078171e+00]\n",
      " [ 0.000000e+00  0.000000e+00  0.000000e+00  1.000000e+00]]\n",
      "./subjects data/2017-01-06_NM/2017-01-06_NM_130342_ALN.tsa ./subjects data/2017-01-06_NM/2017-01-06_NM_130342_TIM.tst ./subjects data/2017-01-06_NM/2017-01-06_NM_130342_POA.tsp ./subjects data/2017-01-06_NM/2017-01-06_NM_130342_LOG.log\n",
      "134745.12 2017-01-06_NM\n",
      "IN TIM\n",
      "[' 13:43:42.787', ' 13:43:43.690', ' 00:00:00.903', ' 903']\n",
      "00:00:00.903\n",
      "0\n",
      "134745.12 13:47:44.119\n",
      "29041\n",
      "4\n",
      "134745.12 29041 [[ 9.9908100e-01  7.3880000e-03 -4.2225000e-02  1.2332415e+01]\n",
      " [-5.5980000e-03  9.9908800e-01  4.2342000e-02 -1.5849983e+01]\n",
      " [ 4.2499000e-02 -4.2066000e-02  9.9821000e-01  3.9079440e+00]\n",
      " [ 0.0000000e+00  0.0000000e+00  0.0000000e+00  1.0000000e+00]]\n",
      "./subjects data/2017-01-17_JVJ/2017-01-17_JVJ_124255_ALN.tsa ./subjects data/2017-01-17_JVJ/2017-01-17_JVJ_124255_TIM.tst ./subjects data/2017-01-17_JVJ/2017-01-17_JVJ_124255_POA.tsp ./subjects data/2017-01-17_JVJ/2017-01-17_JVJ_124255_LOG.log\n",
      "133251.1275 2017-01-17_JVJ\n",
      "IN TIM\n",
      "[' 13:32:55.547', ' 13:32:57.640', ' 00:00:02.093', '2093']\n",
      "00:00:02.093\n",
      "0\n",
      "133251.1275 13:32:48.987\n",
      "34226\n",
      "4\n",
      "133251.1275 34226 [[  0.998062   0.044038   0.043971 -11.160985]\n",
      " [ -0.047437   0.995706   0.0795   -15.066174]\n",
      " [ -0.040282  -0.081431   0.995865   3.547318]\n",
      " [  0.         0.         0.         1.      ]]\n",
      "./subjects data/2017-02-03_PL/2017-02-03_PL_110435_ALN.tsa ./subjects data/2017-02-03_PL/2017-02-03_PL_110435_TIM.tst ./subjects data/2017-02-03_PL/2017-02-03_PL_110435_POA.tsp ./subjects data/2017-02-03_PL/2017-02-03_PL_110435_LOG.log\n",
      "114211.335 2017-02-03_PL\n",
      "IN TIM\n",
      "[' 12:04:35.509', ' 12:04:36.560', ' 00:00:01.051', '1051']\n",
      "00:00:01.051\n",
      "0\n",
      "114211.335 11:42:10.071\n",
      "27798\n",
      "4\n",
      "114211.335 27798 [[ 0.999932  0.005723  0.010194 -4.356488]\n",
      " [-0.005806  0.99995   0.008216 -3.70682 ]\n",
      " [-0.010147 -0.008275  0.999915  3.304779]\n",
      " [ 0.        0.        0.        1.      ]]\n",
      "./subjects data/2017-02-14_SLA/2017-02-14_SLA_123647_ALN.tsa ./subjects data/2017-02-14_SLA/2017-02-14_SLA_123647_TIM.tst ./subjects data/2017-02-14_SLA/2017-02-14_SLA_123647_POA.tsp ./subjects data/2017-02-14_SLA/2017-02-14_SLA_123647_LOG.log\n",
      "132419.125 2017-02-14_SLA\n",
      "IN TIM\n",
      "[' 13:26:47.792', ' 13:26:48.320', ' 00:00:00.528', ' 528']\n",
      "00:00:00.528\n",
      "0\n",
      "132419.125 13:24:18.607\n",
      "43374\n",
      "4\n",
      "132419.125 43374 [[ 9.9989500e-01 -1.3850000e-02  4.4370000e-03 -4.5476300e-01]\n",
      " [ 1.3668000e-02  9.9915800e-01  3.8678000e-02 -1.4947097e+01]\n",
      " [-4.9690000e-03 -3.8614000e-02  9.9924200e-01  3.7641910e+00]\n",
      " [ 0.0000000e+00  0.0000000e+00  0.0000000e+00  1.0000000e+00]]\n",
      "./subjects data/2017-03-10_SJAS/2017-03-10_SJAS_105004_ALN.tsa ./subjects data/2017-03-10_SJAS/2017-03-10_SJAS_105004_TIM.tst ./subjects data/2017-03-10_SJAS/2017-03-10_SJAS_105004_POA.tsp ./subjects data/2017-03-10_SJAS/2017-03-10_SJAS_105004_LOG.log\n",
      "114522.05 2017-03-10_SJAS\n",
      "IN TIM\n",
      "[' 12:00:04.588', ' 12:00:04.700', ' 00:00:00.112', ' 112']\n",
      "00:00:00.112\n",
      "0\n",
      "114522.05 11:45:21.903\n",
      "37623\n",
      "4\n",
      "114522.05 37623 [[ 0.999989  0.004225 -0.002027 -1.250616]\n",
      " [-0.00423   0.999988 -0.002557  0.537482]\n",
      " [ 0.002016  0.002566  0.999995 -0.102509]\n",
      " [ 0.        0.        0.        1.      ]]\n",
      "./subjects data/2017-03-14_ESS/2017-03-14_ESS_121347_ALN.tsa ./subjects data/2017-03-14_ESS/2017-03-14_ESS_121347_TIM.tst ./subjects data/2017-03-14_ESS/2017-03-14_ESS_121347_POA.tsp ./subjects data/2017-03-14_ESS/2017-03-14_ESS_121347_LOG.log\n",
      "130607.3425 2017-03-14_ESS\n",
      "IN TIM\n",
      "[' 13:03:47.128', ' 13:03:49.070', ' 00:00:01.942', '1942']\n",
      "00:00:01.942\n",
      "0\n",
      "130607.3425 13:06:05.110\n",
      "32644\n",
      "4\n",
      "130607.3425 32644 [[ 9.999780e-01 -1.300000e-03 -6.565000e-03 -2.555574e+00]\n",
      " [ 1.224000e-03  9.999330e-01 -1.152400e-02  1.603796e+00]\n",
      " [ 6.580000e-03  1.151600e-02  9.999120e-01  2.348587e+00]\n",
      " [ 0.000000e+00  0.000000e+00  0.000000e+00  1.000000e+00]]\n",
      "./subjects data/2017-03-17_MTD/2017-03-17_MTD_103019_ALN.tsa ./subjects data/2017-03-17_MTD/2017-03-17_MTD_103019_TIM.tst ./subjects data/2017-03-17_MTD/2017-03-17_MTD_103019_POA.tsp ./subjects data/2017-03-17_MTD/2017-03-17_MTD_103019_LOG.log\n",
      "114450.0375 2017-03-17_MTD\n",
      "IN TIM\n",
      "[' 11:50:19.861', ' 11:50:20.880', ' 00:00:01.019', '1019']\n",
      "00:00:01.019\n",
      "0\n",
      "114450.0375 11:44:48.988\n",
      "52991\n",
      "4\n",
      "114450.0375 52991 [[ 9.9993000e-01 -1.1835000e-02  3.7200000e-04  1.5063600e-01]\n",
      " [ 1.1822000e-02  9.9961700e-01  2.5048000e-02 -1.0629415e+01]\n",
      " [-6.6800000e-04 -2.5042000e-02  9.9968600e-01  4.6070710e+00]\n",
      " [ 0.0000000e+00  0.0000000e+00  0.0000000e+00  1.0000000e+00]]\n",
      "./subjects data/2017-03-28_NPN/2017-03-28_NPN_162741_ALN.tsa ./subjects data/2017-03-28_NPN/2017-03-28_NPN_162741_TIM.tst ./subjects data/2017-03-28_NPN/2017-03-28_NPN_162741_POA.tsp ./subjects data/2017-03-28_NPN/2017-03-28_NPN_162741_LOG.log\n",
      "174832.31 2017-03-28_NPN\n",
      "IN TIM\n",
      "[' 17:47:41.541', ' 17:47:42.130', ' 00:00:00.589', ' 589']\n",
      "00:00:00.589\n",
      "0\n",
      "174832.31 17:48:31.475\n",
      "108774\n",
      "4\n",
      "174832.31 108774 [[ 9.999490e-01 -3.251000e-03  9.552000e-03 -2.376419e+00]\n",
      " [ 3.104000e-03  9.998780e-01  1.529500e-02 -7.694592e+00]\n",
      " [-9.601000e-03 -1.526500e-02  9.998380e-01  3.071198e+00]\n",
      " [ 0.000000e+00  0.000000e+00  0.000000e+00  1.000000e+00]]\n",
      "./subjects data/2017-03-31_ZA/2017-03-31_ZA_101850_ALN.tsa ./subjects data/2017-03-31_ZA/2017-03-31_ZA_101850_TIM.tst ./subjects data/2017-03-31_ZA/2017-03-31_ZA_101850_POA.tsp ./subjects data/2017-03-31_ZA/2017-03-31_ZA_101850_LOG.log\n",
      "111311.7775 2017-03-31_ZA\n",
      "IN TIM\n",
